3
6 5 3
12
Add_City
Jeddah Makkah Madina
Add_City_Branch
Al_Woroud Al_Hindawiya As_Sinaiya Obhour_Al_Janobiya Al_Jamaa As_Sulaimaniya
Misfalah Al_Hindawiyyah Al_Ghassalah Al_Nakheel Al_Iskan
Wadi_Noor Quba_Road Madina_Highway
Add_Month
January February March April May June July August September October November December
Add_Sales
10000 20000 30000 15000 16000 29000 37000 95000 40000 70000 80000 35000
17000 29000 33000 75000 26000 79000 43000 55000 82000 59000 73000 85000
93000 62000 72000 47000 38000 41000 93000 57000 52000 43000 33000 71000
47800 52100 93200 73200 21800 51900 18400 39100 53700 71100 72500 64300
79800 76500 45400 37670 22870 53440 67560 72320 46780 58300 94320 75420
53450 63000 34530 75300 52200 42300 43700 65000 74000 55000 66000 84400
57000 35900 74000 63000 28000 59000 83000 45000 92000 32400 79800 84500
65600 56200 33000 74000 67000 84000 48000 77000 47000 54000 65000 95000
77800 65100 93200 73200 21800 11900 32100 56700 85300 98000 72500 64300
97800 65400 45400 37670 22870 53440 67560 72320 46780 58300 94320 75420
76450 54000 34530 75300 52200 42300 43700 65000 74000 55000 66000 84400
54500 32300 77600 45000 86000 98000 23000 55000 82000 69000 88000 45000
95000 62000 52000 47000 38000 39000 99000 67000 48000 49000 73000 81000
88800 95210 43200 53200 71800 57900 19400 29100 55700 61100 82500 69300
Print_Total_Sales_Branch
Print_Total_Sales_Month
Print_Max_Sale_Branch
Print_Max_Sale_Month
Print_Average_Sales_Branch
Print_Average_Sales_Month
Quit